@function (1000, 360, 341) (1000, 360, 341) ""
@method (200,  500,  1000) (200,  500,  1000) ""

@comment (600, 600, 600) (1000, 1000, 1000) "i"

@keyword (992, 411, 752) (992, 411, 752) ""

@string (349, 964, 552) (349, 964, 552) ""

@type (866, 886, 572) (866, 886, 572) ""

@property (584,  898,  964) (584,  898,  964) ""
@label (584,  898,  964) (584,  898,  964) ""
@number (584,  898,  964) (584,  898,  964) ""

@variable (341,  780,  1000) (341,  780,  1000) ""
@constant (341,  780,  1000) (341,  780,  1000) "i"
